$ANSIBLE_VAULT;1.1;AES256
65366461633235393530353062353637343533393238623233306265636532653035383062373338
6461623439623734353031363765666237303037653937660a383631653136636339303537326539
61353866353231356363323766353939313533323363343539383635626261373932336162376238
3838633536323662300a303438626265326630346561616432663564623835373763313566636230
61396339663636613530393739653137316232373962653831626337643534343666653035633161
65373934303265623839373737353565313935633636653636376164626232396630366438376131
37663033633634613163636330346338336339356165323134303062353638363066376535333930
65653238653031663232643461376531386339623136643564326535363032316230353735383731
66636463653266356339623062626166666661633964623837373463393133333632656636613037
61393964353264336163363632633766626534643931343566653430353838386631363138653530
61633935386330353038616661666366643761663539386635306132373430333131633963306536
62666263313239623238313238616463306637616461333730396237356164653036363134333139
34636531363564633335653837343031633638396163653637653338313032396239366263656163
30376432376139623938373237326131313535356366656437613133396662306164306465323164
32623262383466656231633533346335393438306339613835333036646566363234303839343263
33323561623535353331333935346437376639613439613964653139663334323130396166333232
30306631306465373035383334346639373162303666643336396162336136356634323765386135
63316131333030623034636562333033656439303761303731343736396137366463326439313738
66393934656132353961613531646538386163613766303966316330376262356339663561363633
30646430643034356665646138356661616164333630613131336663303234386338313933323264
37346264366666643239636532333166373635623338623330353762666131353836383230643136
38336431363135616538346665623932336335666364343330363233616365663664333239316233
62653762343634613161343131306566653839373562636366643032336335383563646266393664
34656530376338393132323161666561303031373165383765373265323039656434326637663264
66346539613464653832636563386334646639323761326363386233393564663237646561333465
30346163666331346335353833336434313639306163373339313666653937323437653931353430
38346136663837663134306435613561366137333537346237373232323532666334346333666361
32653863616535363838623736333130323865623030633961396432663237613730373163376436
35633438373634353739343163323335653936653361376438386137383164336665336566343537
36353234353934623466623231336431376364336364303538306365313335313966636633366138
36393531393563373863666431616436643935376336306536363037343639646163666566666435
61636430643139313937616366326537343330366638623561333437623137663236616238343062
65383332643066333130633130373136646562646536303936633736636465663364356332653134
63626335316661336263373534393735653133333764303061633932343231326166303532356365
65303139333935343466616232616566393562663462633137316465643537303662633261376666
32303963623034343239313838353431633539356164303964613961323463343135663564656364
35613661636463386331646130633433333432303837386439333934646365343335333131346538
63353731323031306632343065663933316636333233656162386337626463616335316163336462
36613466383738663938393237643265663531383537393237326337636362663832373332613632
62646230646536626230313562626535333636313161333061656233383639303030653361643066
61323435313431633961643663353639336238613163343764396430316431316334646533333735
38646230386362663364343532386166366566323436383466386433633962376131306462636434
34373162346463323732323538623936623264333932363138333532633337663238376664303766
34616538303165393762643339366631646432343566666537643463386637356265616637313263
35346137333663616663386438376266666664383465323863383966653331383066386231663636
64326639623333316534316464396564376132356539363632663861333364366638616438303230
65636231323834656464373533366262386663393833623839663335396136366131666466373031
63386533623666333666613261383733333037633163626630323630353436613230626563386262
65663638333161356335633737623965393938316137323831386265323033626230333762663765
34326637303230653661326632336536646238316530626434633264623138626266633732346233
63613266343565653438323532346132653731376564316262616663353563336363633263333761
37363736366332326262313633373864383762343664643264313462353131636562363361376630
32323839366237623836373434333664363835303831646434343338303433636536323262306330
36383036393139346138326161643939353164633865363232376237373335633437643538343331
37643733303264303331343861643130306664386566393261343435633462323938646261663734
65363538313731343135306232633731396138356533343438353165643535373437353334363764
64366262333161353536393431316230623232366336643765656163326235323762656238303163
63633464626630376238643066346139303765333330303532663865313734336461663162323439
39646239666139386439396666363163353462366535356631313937633838626465373735303563
38343639343436396531363235313332666437343931323532393066396135623565353861613562
33326162626232333065663835383038373865613537653931343037336635353832316430333636
32633466356133613033326639343264616537303338326166653261643065623232666464663038
65653265633931663232336366646162323161363035373766373235346634376261613432303064
63386435353863643762633337373432333931383566653233306239653265643065616635393032
63363232386462303535363637386135363734623261646631393337353930636265613262353830
62336535353537396632376532383062343163316566613032393963663630653066313132366365
66363936326338643032623932366639373662353338623333666264376530613436336430646132
37303263633637613661303937313139356562353162366330623965663637646531393964306232
39383962663339383134613737653332303333303539343232643065376632366636303132663866
61653562653064336163336533313837663135306661323035323463336466656230303035373566
39306563303232353465326666393933393062366363353131383935663664373432373339383863
35346234663035343430373365336436313336306237653334643934303533346638383036336436
39313830333961313239363537663065613137303033316562373333613865356535383137623332
64343035653964306562643531343332613835373630376264303339363139623730613064656437
65633561656361393236666163653131613764643938396536616538613637623934363865343239
61373533366137383735393830356631663963666435363135323931653836646234386139396136
66633061383464356463346462356437623235346162323564363839303462393830663235323435
37626438616435643335373662656166653238373362616465333561323665656232386563306232
65313265363666373735373434626434616631623062326433626463643630323535363239356561
39343736353733613835653235623136363539643461363136306264346166366566663066326335
62303230346263636534626163313933303638666237646166313863623062363033633461336663
61313136363532303033613234613765306430663766313464346566363731633730323433333665
66653062323366623462376332393766373538336131643533333764386632373538396232386464
65393530636433613264303362373431626164396332386666343961633161336266366331663238
66643035346463383136653339366331386639653537373331323437306334323933643930636564
35383464373230343563633662373462366161633366656638643663383033656332336430623134
64393733303438316335616666643035646236366266656364306161353830626263356435326537
64626438663832623334
